x	r_x
20	1.01231
20	1.01231
20	1.01231
20	1.01231
20	1.01231
20	1.01231
20	1.01231
20	1.01231
20	1.01231
20	1.01231
20	1.01231
20	1.01231
20	1.01231
20	1.01231
20	1.01231
20	1.01231
20	1.01231
20	1.01231
20	1.01231
20	1.01231
20	1.01231
20	1.01231
20	1.01231
20	1.01231
20	1.01231
20	1.01231
20	1.01231
20	1.01231
20	1.01231
20	1.01231
20	1.01231
20	1.01231
20	1.01231
20	1.01231
20	1.01231
20	1.01231
20	1.01231
20	1.01231
20	1.01231
20	1.01231
20	1.01231
20	1.01231
20	1.01231
20	1.01231
20	1.01231
20	1.01231
20	1.01231
20	1.01231
20	1.01231
20	1.01231
20	1.01231
20	1.01231
20	1.01231
20	1.01231
20	1.01231
20	1.01231
20	1.01231
20	1.01231
20	1.01231
20	1.01231
20	1.01231
20	1.01231
20	1.01231
20	1.01231
20	1.01231
20	1.01231
20	1.01231
20	1.01231
20	1.01231
20	1.01231
20	1.01231
20	1.01231
20	1.01231
20	1.01231
20	1.01231
20	1.01231
20	1.01231
20	1.01231
20	1.01231
20	1.01231
20	1.01231
20	1.01231
20	1.01231
20	1.01231
20	1.01231
20	1.01231
20	1.01231
20	1.01231
20	1.01231
20	1.01231
20	1.01231
20	1.01231
20	1.01231
20	1.01231
20	1.01231
20	1.01231
20	1.01231
20	1.01231
20	1.01231
20	1.01231
